[gd_scene load_steps=3 format=2]

[ext_resource path="res://src/objects/CaptureNet.gd" type="Script" id=1]

[sub_resource type="BoxShape" id=1]
extents = Vector3( 12.1457, 8.50694, 1 )

[node name="CaptureNet" type="Spatial"]
script = ExtResource( 1 )

[node name="CSGCylinder" type="CSGCylinder" parent="."]
transform = Transform( -4.37114e-08, -1, 0, 1, -4.37114e-08, 0, 0, 0, 1, 0, 7.86239, 0 )
use_collision = true
height = 24.0
sides = 16

[node name="CSGCylinder2" type="CSGCylinder" parent="."]
transform = Transform( -4.38088e-09, -0.100223, 0.994965, 0.963383, 0.26678, 0.0268727, -0.26813, 0.958532, 0.0965529, 11.6393, 6.86549, -3.89215 )
use_collision = true
height = 8.0
sides = 16

[node name="CSGCylinder3" type="CSGCylinder" parent="."]
transform = Transform( -4.38088e-09, -0.100223, 0.994965, 0.963383, 0.26678, 0.0268727, -0.26813, 0.958532, 0.0965529, -10.8916, 6.86549, -3.89215 )
use_collision = true
height = 8.0
sides = 16

[node name="CSGCylinder4" type="CSGCylinder" parent="."]
transform = Transform( 0.0380236, -0.014928, 0.999165, 0.40542, 0.914129, -0.00177086, -0.913339, 0.405149, 0.0408106, -10.2388, 0.629203, -9.86832 )
use_collision = true
height = 12.0
sides = 16

[node name="CSGCylinder5" type="CSGCylinder" parent="."]
transform = Transform( 0.0380236, -0.014928, 0.999165, 0.40542, 0.914129, -0.00177086, -0.913339, 0.405149, 0.0408106, 11.99, 0.629203, -9.86832 )
use_collision = true
height = 12.0
sides = 16

[node name="CSGBox" type="CSGBox" parent="."]
transform = Transform( 1, 0, 0, 0, 0.864775, 0.50216, 0, -0.50216, 0.864775, 0, 0, 4.05662 )
use_collision = true
width = 24.0
height = 15.0

[node name="CaptureArea" type="Area" parent="."]

[node name="CollisionShape" type="CollisionShape" parent="CaptureArea"]
shape = SubResource( 1 )

[connection signal="body_entered" from="CaptureArea" to="." method="_on_CaptureArea_body_entered"]
