[gd_scene load_steps=8 format=2]

[ext_resource path="res://assets/3d/Mecha Final/Mecha(2).glb" type="PackedScene" id=1]

[sub_resource type="Animation" id=19]
resource_name = "RevertToIdle"
length = 0.0416667
tracks/0/type = "transform"
tracks/0/path = NodePath("Main/Bone/Bone001/Bone002")
tracks/0/interp = 1
tracks/0/loop_wrap = true
tracks/0/imported = true
tracks/0/enabled = true
tracks/0/keys = PoolRealArray( 0, 1, -1.41446e-10, 3.47482, -1.43956e-11, 0, 1.59078e-08, 0, 1, 1, 1, 1, 0.0416667, 1, -1.41446e-10, 3.47482, -1.43956e-11, 0, 1.59078e-08, 0, 1, 1, 1, 1 )
tracks/1/type = "transform"
tracks/1/path = NodePath("Main/Bone/Bone001")
tracks/1/interp = 1
tracks/1/loop_wrap = true
tracks/1/imported = true
tracks/1/enabled = true
tracks/1/keys = PoolRealArray( 0, 1, 0.00209063, 4.69761, -2.05572, -0.000162965, 0, 1, 0, 1, 1, 1, 0.0416667, 1, 0.00209063, 4.69761, -2.05572, -0.000162965, 0, 1, 0, 1, 1, 1 )
tracks/2/type = "transform"
tracks/2/path = NodePath("Main/Bone/Bone003/Bone004")
tracks/2/interp = 1
tracks/2/loop_wrap = true
tracks/2/imported = true
tracks/2/enabled = true
tracks/2/keys = PoolRealArray( 0, 1, 9.13842e-11, 3.47482, 9.44951e-11, 0, 1.58933e-08, 0, 1, 1, 1, 1, 0.0416667, 1, 9.13842e-11, 3.47482, 9.44951e-11, 0, 1.58933e-08, 0, 1, 1, 1, 1 )
tracks/3/type = "transform"
tracks/3/path = NodePath("Main/Bone/Bone003")
tracks/3/interp = 1
tracks/3/loop_wrap = true
tracks/3/imported = true
tracks/3/enabled = true
tracks/3/keys = PoolRealArray( 0, 1, 0.00209063, 4.69761, 2.14976, 0.707107, 0, -0.707107, 0, 1, 1, 1, 0.0416667, 1, 0.00209063, 4.69761, 2.14976, 0.707107, 0, -0.707107, 0, 1, 1, 1 )
tracks/4/type = "transform"
tracks/4/path = NodePath("Main/Bone/Bone005/Bone006/Bone009")
tracks/4/interp = 1
tracks/4/loop_wrap = true
tracks/4/imported = true
tracks/4/enabled = true
tracks/4/keys = PoolRealArray( 0, 1, 5.97625e-08, 3.42029, 4.24798e-11, 0.628706, -3.85751e-10, 4.71541e-08, 0.777644, 1, 1, 1, 0.0416667, 1, 5.97625e-08, 3.42029, 4.24798e-11, 0.628706, -3.85751e-10, 4.71541e-08, 0.777644, 1, 1, 1 )
tracks/5/type = "transform"
tracks/5/path = NodePath("Main/Bone/Bone005/Bone006")
tracks/5/interp = 1
tracks/5/loop_wrap = true
tracks/5/imported = true
tracks/5/enabled = true
tracks/5/keys = PoolRealArray( 0, 1, 5.9696e-08, 3.21916, -3.84849e-11, 0, 1.58933e-08, 0, 1, 1, 1, 1, 0.0416667, 1, 5.9696e-08, 3.21916, -3.84849e-11, 0, 1.58933e-08, 0, 1, 1, 1, 1 )
tracks/6/type = "transform"
tracks/6/path = NodePath("Main/Bone/Bone005")
tracks/6/interp = 1
tracks/6/loop_wrap = true
tracks/6/imported = true
tracks/6/enabled = true
tracks/6/keys = PoolRealArray( 0, 1, 0.00209063, 0.465909, 0.869107, 0.707107, 0, -0.707107, 0, 1, 1, 1, 0.0416667, 1, 0.00209063, 0.465909, 0.869107, 0.707107, 0, -0.707107, 0, 1, 1, 1 )
tracks/7/type = "transform"
tracks/7/path = NodePath("Main/Bone/Bone007/Bone008/Bone010")
tracks/7/interp = 1
tracks/7/loop_wrap = true
tracks/7/imported = true
tracks/7/enabled = true
tracks/7/keys = PoolRealArray( 0, 1, -5.94468e-08, 3.42029, 3.28305e-11, 0.62279, -6.21735e-09, 4.20703e-08, 0.782389, 1, 1, 1, 0.0416667, 1, -5.94468e-08, 3.42029, 3.28305e-11, 0.62279, -6.21735e-09, 4.20703e-08, 0.782389, 1, 1, 1 )
tracks/8/type = "transform"
tracks/8/path = NodePath("Main/Bone/Bone007/Bone008")
tracks/8/interp = 1
tracks/8/loop_wrap = true
tracks/8/imported = true
tracks/8/enabled = true
tracks/8/keys = PoolRealArray( 0, 1, -5.95133e-08, 3.21916, 2.07142e-11, 0, 1.58933e-08, 0, 1, 1, 1, 1, 0.0416667, 1, -5.95133e-08, 3.21916, 2.07142e-11, 0, 1.58933e-08, 0, 1, 1, 1, 1 )
tracks/9/type = "transform"
tracks/9/path = NodePath("Main/Bone/Bone007")
tracks/9/interp = 1
tracks/9/loop_wrap = true
tracks/9/imported = true
tracks/9/enabled = true
tracks/9/keys = PoolRealArray( 0, 1, 0.00209063, 0.465909, -0.820762, 0.707107, 0, -0.707107, 0, 1, 1, 1, 0.0416667, 1, 0.00209063, 0.465909, -0.820762, 0.707107, 0, -0.707107, 0, 1, 1, 1 )
tracks/10/type = "transform"
tracks/10/path = NodePath("Main/Bone")
tracks/10/interp = 1
tracks/10/loop_wrap = true
tracks/10/imported = true
tracks/10/enabled = true
tracks/10/keys = PoolRealArray( 0, 1, 0, 0, 0, 0, 0, 0, 1, 1, 1, 1, 0.0416667, 1, 0, 0, 0, 0, 0, 0, 1, 1, 1, 1 )

[sub_resource type="Animation" id=20]
resource_name = "Startup"
length = 0.042
tracks/0/type = "transform"
tracks/0/path = NodePath("Main/Bone/Bone001/Bone002")
tracks/0/interp = 1
tracks/0/loop_wrap = true
tracks/0/imported = true
tracks/0/enabled = true
tracks/0/keys = PoolRealArray( 0, 1, 1.43143e-07, 3.47482, -1.43066e-07, 0.688875, 1.1528e-08, -1.08205e-08, 0.72488, 1, 1, 1, 0.1, 1, 9.13842e-11, 3.47482, -1.43956e-11, 0.721889, 1.09983e-08, 4.30279e-08, 0.692009, 1, 1, 1 )
tracks/1/type = "transform"
tracks/1/path = NodePath("Main/Bone/Bone001")
tracks/1/interp = 1
tracks/1/loop_wrap = true
tracks/1/imported = true
tracks/1/enabled = true
tracks/1/keys = PoolRealArray( 0, 1, 0.00209064, 4.59169, -2.05572, -0.668371, 0.222893, 0.668371, 0.238492, 1, 1, 1, 0.1, 1, 0.00209063, 4.59169, -2.05572, -0.663251, 0.245148, 0.663251, 0.245148, 1, 1, 1 )
tracks/2/type = "transform"
tracks/2/path = NodePath("Main/Bone/Bone003/Bone004")
tracks/2/interp = 1
tracks/2/loop_wrap = true
tracks/2/imported = true
tracks/2/enabled = true
tracks/2/keys = PoolRealArray( 0, 1, 9.13842e-11, 3.47482, 9.44951e-11, 0.682143, 1.11485e-08, -1.18694e-08, 0.731219, 1, 1, 1, 0.1, 1, 9.13852e-11, 3.47482, 2.98968e-08, 0.715139, 1.11091e-08, 4.26256e-08, 0.698983, 1, 1, 1 )
tracks/3/type = "transform"
tracks/3/path = NodePath("Main/Bone/Bone003")
tracks/3/interp = 1
tracks/3/loop_wrap = true
tracks/3/imported = true
tracks/3/enabled = true
tracks/3/keys = PoolRealArray( 0, 1, 0.00209064, 4.59169, 2.14976, 0.706338, 0.0225531, -0.706338, 0.040791, 1, 1, 1, 0.1, 1, 0.00209063, 4.59169, 2.14976, 0.7063, 0.0337647, -0.7063, 0.0337646, 1, 1, 1 )
tracks/4/type = "transform"
tracks/4/path = NodePath("Main/Bone/Bone005/Bone006/Bone009")
tracks/4/interp = 1
tracks/4/loop_wrap = true
tracks/4/imported = true
tracks/4/enabled = true
tracks/4/keys = PoolRealArray( 0, 1, 8.36044e-08, 3.42029, -1.86461e-07, 0.141832, -2.44768e-08, 4.03056e-08, 0.989891, 1, 1, 1, 0.1, 1, 1.57852e-10, 3.42029, 4.99814e-08, 0.107515, -4.93175e-10, 8.06382e-09, 0.994204, 1, 1, 1 )
tracks/5/type = "transform"
tracks/5/path = NodePath("Main/Bone/Bone005/Bone006")
tracks/5/interp = 1
tracks/5/loop_wrap = true
tracks/5/imported = true
tracks/5/enabled = true
tracks/5/keys = PoolRealArray( 0, 1, 4.77751e-08, 3.21916, -1.19594e-08, -0.648929, 1.20924e-08, 1.03136e-08, 0.760849, 1, 1, 1, 0.1, 1, 5.9696e-08, 3.21916, -3.84849e-11, -0.681676, 1.16284e-08, -4.06311e-08, 0.731654, 1, 1, 1 )
tracks/6/type = "transform"
tracks/6/path = NodePath("Main/Bone/Bone005")
tracks/6/interp = 1
tracks/6/loop_wrap = true
tracks/6/imported = true
tracks/6/enabled = true
tracks/6/keys = PoolRealArray( 0, 1, 0.0020906, 0.35999, 0.869107, -0.672961, 0.217081, 0.672961, 0.217081, 1, 1, 1, 0.1, 1, 0.00209059, 0.35999, 0.869107, -0.668319, 0.230976, 0.668319, 0.230976, 1, 1, 1 )
tracks/7/type = "transform"
tracks/7/path = NodePath("Main/Bone/Bone007/Bone008/Bone010")
tracks/7/interp = 1
tracks/7/loop_wrap = true
tracks/7/imported = true
tracks/7/enabled = true
tracks/7/keys = PoolRealArray( 0, 1, -1.17631e-08, 3.42029, 5.01959e-08, 0.64541, -4.98408e-09, 4.22341e-08, 0.763837, 1, 1, 1, 0.1, 1, -5.94468e-08, 3.42029, 5.35017e-08, 0.646916, -6.05979e-09, 4.37e-08, 0.762562, 1, 1, 1 )
tracks/8/type = "transform"
tracks/8/path = NodePath("Main/Bone/Bone007/Bone008")
tracks/8/interp = 1
tracks/8/loop_wrap = true
tracks/8/imported = true
tracks/8/enabled = true
tracks/8/keys = PoolRealArray( 0, 1, 9.13838e-11, 3.21916, -1.78607e-08, -0.639295, 1.22213e-08, 1.01605e-08, 0.768962, 1, 1, 1, 0.1, 1, -5.95133e-08, 3.21916, 4.47242e-08, -0.671922, 1.17709e-08, -4.00497e-08, 0.740622, 1, 1, 1 )
tracks/9/type = "transform"
tracks/9/path = NodePath("Main/Bone/Bone007")
tracks/9/interp = 1
tracks/9/loop_wrap = true
tracks/9/imported = true
tracks/9/enabled = true
tracks/9/keys = PoolRealArray( 0, 1, 0.00209062, 0.359989, -0.820762, -0.372414, 0.601089, 0.372414, 0.601089, 1, 1, 1, 0.1, 1, 0.00209061, 0.359989, -0.820762, -0.337194, 0.621531, 0.337194, 0.621531, 1, 1, 1 )
tracks/10/type = "transform"
tracks/10/path = NodePath("Main/Bone")
tracks/10/interp = 1
tracks/10/loop_wrap = true
tracks/10/imported = true
tracks/10/enabled = true
tracks/10/keys = PoolRealArray( 0, 1, 4.98702e-08, -0.10592, 0, 0, 0, 0.343447, 0.939172, 1, 1, 1, 0.1, 1, 4.96151e-08, -0.10592, 0, 0, 0, 0.3646, 0.931164, 1, 1, 1 )

[sub_resource type="CapsuleShape" id=1]
radius = 2.06089
height = 10.2597

[sub_resource type="AnimationNodeAnimation" id=21]
animation = "Startup"

[sub_resource type="AnimationNodeStateMachine" id=3]
states/Startup/node = SubResource( 21 )
states/Startup/position = Vector2( 280, 33 )
start_node = "Startup"
graph_offset = Vector2( -3, -39 )

[sub_resource type="AnimationNodeStateMachinePlayback" id=4]

[node name="PlayerMechaV4" type="KinematicBody"]

[node name="Mecha(2)" parent="." instance=ExtResource( 1 )]
transform = Transform( 1, 0, 0, 0, 1, 0, 0, 0, 1, 0, 3.5, 0 )

[node name="Bone" parent="Mecha(2)/Main" index="0"]
transform = Transform( 0.764089, -0.645111, 0, 0.645111, 0.764089, 0, 0, 0, 1, 4.98702e-08, -0.10592, 0 )

[node name="Bone001" parent="Mecha(2)/Main/Bone" index="0"]
transform = Transform( 0.0071969, -0.616754, -0.787123, 0.0208514, -0.78688, 0.616754, -0.999757, -0.0208515, 0.0071969, 0.00209064, 4.59169, -2.05572 )

[node name="Bone002" parent="Mecha(2)/Main/Bone/Bone001" index="0"]
transform = Transform( 1, 3.15697e-08, 1.8049e-09, 1.95579e-10, 0.0509027, -0.998704, -3.16207e-08, 0.998704, 0.0509027, 1.43143e-07, 3.47482, -1.43066e-07 )

[node name="Bone003" parent="Mecha(2)/Main/Bone" index="1"]
transform = Transform( 0.00115544, 0.0894847, -0.995988, -0.0257641, -0.995655, -0.0894847, -0.999667, 0.0257641, 0.00115508, 0.00209064, 4.59169, 2.14976 )

[node name="Bone004" parent="Mecha(2)/Main/Bone/Bone003" index="0"]
transform = Transform( 1, 3.25681e-08, 1.10818e-10, -2.14847e-09, 0.0693632, -0.997591, -3.24973e-08, 0.997591, 0.0693632, 9.13842e-11, 3.47482, 9.44951e-11 )

[node name="Bone005" parent="Mecha(2)/Main/Bone" index="2"]
transform = Transform( -1.19209e-07, -0.584347, -0.811504, 2.98023e-08, -0.811504, 0.584347, -1, 2.98023e-08, 0, 0.0020906, 0.35999, 0.869107 )

[node name="Bone006" parent="Mecha(2)/Main/Bone/Bone005" index="0"]
transform = Transform( 1, -3.13884e-08, 5.01535e-09, 0, 0.157782, 0.987474, -3.17865e-08, -0.987474, 0.157782, 4.77751e-08, 3.21916, -1.19594e-08 )

[node name="Bone009" parent="Mecha(2)/Main/Bone/Bone005/Bone006" index="0"]
transform = Transform( 1, -8.67395e-08, -3.70255e-08, 7.28531e-08, 0.959768, -0.280796, 5.9892e-08, 0.280796, 0.959767, 8.36044e-08, 3.42029, -1.86461e-07 )

[node name="Bone007" parent="Mecha(2)/Main/Bone" index="3"]
transform = Transform( 0, -0.895416, 0.44523, -2.98023e-08, 0.44523, 0.895416, -1, -1.19209e-07, 0, 0.00209062, 0.359989, -0.820762 )

[node name="Bone008" parent="Mecha(2)/Main/Bone/Bone007" index="0"]
transform = Transform( 1, -3.12521e-08, 5.80434e-09, 0, 0.182604, 0.983187, -3.17865e-08, -0.983187, 0.182604, 9.13838e-11, 3.21916, -1.78607e-08 )

[node name="Bone010" parent="Mecha(2)/Main/Bone/Bone007/Bone008" index="0"]
transform = Transform( 1, -7.09535e-08, 4.69026e-08, 5.80864e-08, 0.166893, -0.985975, 6.21307e-08, 0.985975, 0.166893, -1.17631e-08, 3.42029, 5.01959e-08 )

[node name="AnimationPlayer" parent="Mecha(2)" index="1"]
anims/RevertToIdle = SubResource( 19 )
anims/Startup = SubResource( 20 )

[node name="CollisionShape" type="CollisionShape" parent="."]
transform = Transform( 1, 0, 0, 0, -0.00410155, 0.999992, 0, -0.999992, -0.00410155, 0, 0, 0 )
shape = SubResource( 1 )

[node name="AnimationTree" type="AnimationTree" parent="."]
tree_root = SubResource( 3 )
anim_player = NodePath("../Mecha(2)/AnimationPlayer")
active = true
parameters/playback = SubResource( 4 )

[editable path="Mecha(2)"]
