[gd_scene load_steps=7 format=2]

[ext_resource path="res://src/scenes/Arena.tscn" type="PackedScene" id=1]
[ext_resource path="res://src/objects/SpawnPlatform.tscn" type="PackedScene" id=2]
[ext_resource path="res://src/music/TOOINTENSEMP3.tscn" type="PackedScene" id=3]
[ext_resource path="res://src/characters/PlayerV2Mech.tscn" type="PackedScene" id=4]
[ext_resource path="res://src/resources/TestEnviroment.tscn" type="PackedScene" id=5]
[ext_resource path="res://src/scenes/SoccerTest.gd" type="Script" id=6]

[node name="SoccerTest" type="Spatial"]
script = ExtResource( 6 )

[node name="Arena" parent="." instance=ExtResource( 1 )]

[node name="Music" type="Node" parent="."]

[node name="TOOINTENSEMP3" parent="Music" instance=ExtResource( 3 )]

[node name="Players" type="Node" parent="."]

[node name="PlayerV2Mech" parent="Players" instance=ExtResource( 4 )]
transform = Transform( 1, 0, 0, 0, 1, 0, 0, 0, 1, 113.107, 10.7927, 0 )
jump_power = 108.0

[node name="Spawn" type="Node" parent="."]

[node name="SpawnPlatform" parent="Spawn" instance=ExtResource( 2 )]
transform = Transform( 1, 0, 0, 0, 1, 0, 0, 0, 1, 268.241, 0, 0 )

[node name="CSGCylinder" type="CSGCylinder" parent="Spawn"]
transform = Transform( 1, 0, 0, 0, 1, 0, 0, 0, 1, 187.653, 0, 0 )
use_collision = true
radius = 8.0

[node name="CSGCylinder2" type="CSGCylinder" parent="Spawn"]
transform = Transform( 1, 0, 0, 0, 1, 0, 0, 0, 1, 148.249, 0, 0 )
use_collision = true
radius = 8.0

[node name="CSGCylinder3" type="CSGCylinder" parent="Spawn"]
transform = Transform( 1, 0, 0, 0, 1, 0, 0, 0, 1, 113.121, 0, 0 )
use_collision = true
radius = 8.0

[node name="SpawnPlatform4" parent="Spawn" instance=ExtResource( 2 )]
transform = Transform( 0.00572459, 0, -0.999984, 0, 1, 0, 0.999984, 0, 0.00572459, 3.73082, 0, 369.408 )
playerNum = 2

[node name="CSGCylinder10" type="CSGCylinder" parent="Spawn"]
transform = Transform( 0.00572459, 0, -0.999984, 0, 1, 0, 0.999984, 0, 0.00572459, 3.26949, 0, 288.821 )
use_collision = true
radius = 8.0

[node name="CSGCylinder11" type="CSGCylinder" parent="Spawn"]
transform = Transform( 0.00572459, 0, -0.999984, 0, 1, 0, 0.999984, 0, 0.00572459, 3.04391, 0, 249.418 )
use_collision = true
radius = 8.0

[node name="CSGCylinder12" type="CSGCylinder" parent="Spawn"]
transform = Transform( 0.00572459, 0, -0.999984, 0, 1, 0, 0.999984, 0, 0.00572459, 2.84282, 0, 214.29 )
use_collision = true
radius = 8.0

[node name="SpawnPlatform5" parent="Spawn" instance=ExtResource( 2 )]
transform = Transform( -0.0252174, 0, 0.999682, 0, 1, 0, -0.999682, 0, -0.0252174, 1.33096, 0, -359.285 )
playerNum = 3

[node name="CSGCylinder13" type="CSGCylinder" parent="Spawn"]
transform = Transform( -0.0252174, 0, 0.999682, 0, 1, 0, -0.999682, 0, -0.0252174, 3.36317, 0, -278.722 )
use_collision = true
radius = 8.0

[node name="CSGCylinder14" type="CSGCylinder" parent="Spawn"]
transform = Transform( -0.0252174, 0, 0.999682, 0, 1, 0, -0.999682, 0, -0.0252174, 4.35684, 0, -239.331 )
use_collision = true
radius = 8.0

[node name="CSGCylinder15" type="CSGCylinder" parent="Spawn"]
transform = Transform( -0.0252174, 0, 0.999682, 0, 1, 0, -0.999682, 0, -0.0252174, 5.24268, 0, -204.214 )
use_collision = true
radius = 8.0

[node name="SpawnPlatform2" parent="Spawn" instance=ExtResource( 2 )]
transform = Transform( 0.934117, 0, -0.356966, 0, 1, 0, 0.356966, 0, 0.934117, 251.916, 0, 160.184 )
playerNum = 4

[node name="CSGCylinder4" type="CSGCylinder" parent="Spawn"]
transform = Transform( 0.934117, 0, -0.356966, 0, 1, 0, 0.356966, 0, 0.934117, 176.638, 0, 131.417 )
use_collision = true
radius = 8.0

[node name="CSGCylinder5" type="CSGCylinder" parent="Spawn"]
transform = Transform( 0.934117, 0, -0.356966, 0, 1, 0, 0.356966, 0, 0.934117, 139.83, 0, 117.351 )
use_collision = true
radius = 8.0

[node name="CSGCylinder6" type="CSGCylinder" parent="Spawn"]
transform = Transform( 0.934117, 0, -0.356966, 0, 1, 0, 0.356966, 0, 0.934117, 107.016, 0, 104.812 )
use_collision = true
radius = 8.0

[node name="SpawnPlatform3" parent="Spawn" instance=ExtResource( 2 )]
transform = Transform( 0.866923, 0, 0.498442, 0, 1, 0, -0.498442, 0, 0.866923, 232.903, -0.357544, -190.395 )
playerNum = 7

[node name="CSGCylinder7" type="CSGCylinder" parent="Spawn"]
transform = Transform( 0.866923, 0, 0.498442, 0, 1, 0, -0.498442, 0, 0.866923, 162.822, 0, -150.298 )
use_collision = true
radius = 8.0

[node name="CSGCylinder8" type="CSGCylinder" parent="Spawn"]
transform = Transform( 0.866923, 0, 0.498442, 0, 1, 0, -0.498442, 0, 0.866923, 128.662, 0, -130.657 )
use_collision = true
radius = 8.0

[node name="CSGCylinder9" type="CSGCylinder" parent="Spawn"]
transform = Transform( 0.866923, 0, 0.498442, 0, 1, 0, -0.498442, 0, 0.866923, 98.2081, 0, -113.148 )
use_collision = true
radius = 8.0

[node name="SpawnPlatform6" parent="Spawn" instance=ExtResource( 2 )]
transform = Transform( -0.99662, 0, 0.0821473, 0, 1, 0, -0.0821473, 0, -0.99662, -259.529, 0, -16.5269 )
playerNum = 1
team = 2

[node name="CSGCylinder16" type="CSGCylinder" parent="Spawn"]
transform = Transform( -0.99662, 0, 0.0821473, 0, 1, 0, -0.0821473, 0, -0.99662, -179.213, 0, -9.90683 )
use_collision = true
radius = 8.0

[node name="CSGCylinder17" type="CSGCylinder" parent="Spawn"]
transform = Transform( -0.99662, 0, 0.0821473, 0, 1, 0, -0.0821473, 0, -0.99662, -139.942, 0, -6.66989 )
use_collision = true
radius = 8.0

[node name="CSGCylinder18" type="CSGCylinder" parent="Spawn"]
transform = Transform( -0.99662, 0, 0.0821473, 0, 1, 0, -0.0821473, 0, -0.99662, -104.933, 0, -3.78419 )
use_collision = true
radius = 8.0

[node name="SpawnPlatform7" parent="Spawn" instance=ExtResource( 2 )]
transform = Transform( -0.901636, 0, 0.432495, 0, 1, 0, -0.432495, 0, -0.901636, -236.847, 0, -175.385 )
playerNum = 5

[node name="CSGCylinder19" type="CSGCylinder" parent="Spawn"]
transform = Transform( -0.901636, 0, 0.432495, 0, 1, 0, -0.432495, 0, -0.901636, -164.186, 0, -140.531 )
use_collision = true
radius = 8.0

[node name="CSGCylinder20" type="CSGCylinder" parent="Spawn"]
transform = Transform( -0.901636, 0, 0.432495, 0, 1, 0, -0.432495, 0, -0.901636, -128.658, 0, -123.489 )
use_collision = true
radius = 8.0

[node name="CSGCylinder21" type="CSGCylinder" parent="Spawn"]
transform = Transform( -0.901636, 0, 0.432495, 0, 1, 0, -0.432495, 0, -0.901636, -96.9853, 0, -108.296 )
use_collision = true
radius = 8.0

[node name="SpawnPlatform8" parent="Spawn" instance=ExtResource( 2 )]
transform = Transform( -0.904939, 0, -0.425542, 0, 1, 0, 0.425542, 0, -0.904939, -238.079, -0.357544, 197.178 )
playerNum = 6

[node name="CSGCylinder22" type="CSGCylinder" parent="Spawn"]
transform = Transform( -0.904939, 0, -0.425542, 0, 1, 0, 0.425542, 0, -0.904939, -164.941, 0, 162.974 )
use_collision = true
radius = 8.0

[node name="CSGCylinder23" type="CSGCylinder" parent="Spawn"]
transform = Transform( -0.904939, 0, -0.425542, 0, 1, 0, 0.425542, 0, -0.904939, -129.283, 0, 146.206 )
use_collision = true
radius = 8.0

[node name="CSGCylinder24" type="CSGCylinder" parent="Spawn"]
transform = Transform( -0.904939, 0, -0.425542, 0, 1, 0, 0.425542, 0, -0.904939, -97.494, 0, 131.257 )
use_collision = true
radius = 8.0

[node name="TestEnviroment" parent="." instance=ExtResource( 5 )]

[node name="DirectionalLight" type="DirectionalLight" parent="."]
transform = Transform( 1, 0, 0, 0, 0.990774, 0.135525, 0, -0.135525, 0.990774, 0, 27.5937, 0 )
